2024-05-23,2024-05-23T00,4.84472,132.33645,543,121,718,245,0.48
2024-05-23,2024-05-23T03,5.42443,131.83801,547,117,701,236,0.57
2024-05-23,2024-05-23T06,6.08696,131.83801,549,111,699,226,0.55
2024-05-23,2024-05-23T09,6.25259,131.58879,546,108,696,224,0.5
2024-05-23,2024-05-24T03,12.21532,89.4704,11,3,218,185,0.41
2024-05-23,2024-05-24T03,9.23395,128.01661,522,67,634,193,0.29
2024-05-23,2024-05-24T06,12.13251,89.4704,8,0,220,190,0.49
2024-05-23,2024-05-24T09,12.38095,89.30426,7,0,218,184,0.49
2024-05-23,2024-05-24T12,12.6294,89.63655,11,1,222,178,0.41
2024-05-23,2024-05-24T15,12.87785,89.71963,15,0,220,172,0.36
2024-05-23,2024-05-24T18,12.46377,89.63655,9,0,224,183,0.43
2024-05-23,2024-05-24T21,12.6294,90.13499,13,0,232,178,0.33
2024-05-23,2024-05-25T00,12.46377,90.13499,17,0,227,183,0.31
2024-05-23,2024-05-25T03,12.96066,90.30114,17,0,232,171,0.34
2024-05-23,2024-05-25T06,12.79503,90.30114,19,0,229,175,0.31
2024-05-23,2024-05-25T09,13.62319,123.03219,453,16,584,139,0.28
